name,club,age,position,position_cat,page_views,fpl_value,fpl_sel,fpl_points,region,nationality,new_foreign,age_cat,club_id,big_club,new_signing,goals,assists,wins,price,mean_fee,max_fee,up_do
Virgil van Dijk,Southampton,26,CB,3,1102,5.5,0.04,75,2.0,Netherlands,0,3,14,0,0,0.011764705882352941,0.052941176470588235,88.0,30.0,20.225,64.0,1.0
Harry Arter,Bournemouth,27,CM,2,666,5.0,0.009000000000000001,84,2.0,Ireland,0,3,2,0,0,0.19375,0.325,93.0,2.5,0.16605000000000003,0.25,0.0
Matthew Lowton,Burnley,28,RB,3,121,4.5,0.012,90,1.0,England,0,4,4,0,0,0.08,0.1,0.0,2.5,1.63,3.38,0.0
Ciaran Clark,Newcastle+United,27,CB,3,273,4.5,0.009000000000000001,0,2.0,Ireland,0,3,13,0,0,0.08,0.1,0.0,5.0,5.4,5.4,0.0
Gareth Barry,Everton,36,DM,2,1331,4.5,0.017,68,1.0,England,0,6,7,0,0,0.1937984496124031,0.2713178294573643,78.0,1.5,5.614249999999999,12.51,1.0
Callum Wilson,Bournemouth,25,CF,1,337,6.0,0.002,63,1.0,England,0,3,2,0,0,0.19117647058823528,0.20588235294117646,35.0,10.0,1.79,3.33,1.0
Joel Coleman,Huddersfield,21,GK,4,36,4.0,0.024,0,1.0,England,0,1,8,0,0,0.0,0.0,19.0,0.25,0.45,0.45,0.0
Ademola Lookman,Everton,19,LW,1,1387,5.5,0.003,16,1.0,England,0,1,7,0,0,0.13636363636363635,0.0,10.0,5.0,4.776,7.92,0.0
Steven Berghuis,Watford,25,RW,1,164,5.0,0.001,0,2.0,Netherlands,0,3,18,0,0,0.20388349514563106,0.0970873786407767,114.0,5.5,3.5189999999999997,7.0,1.0
Alex Iwobi,Arsenal,21,LW,1,1812,5.5,0.01,89,4.0,Nigeria,0,1,1,1,0,0.11956521739130435,0.15217391304347827,48.0,10.0,0.4,0.4,0.0
Jonjoe Kenny,Everton,20,RB,3,53,4.5,0.002,1,1.0,England,0,1,7,0,0,0.0,0.0,19.0,0.25,0.2375,0.25,0.0
Michael Carrick,Manchester+United,35,DM,2,1789,4.5,0.018000000000000002,42,1.0,England,0,6,12,1,0,0.11956521739130435,0.15217391304347827,48.0,1.5,14.085,24.48,1.0
Maarten Stekelenburg,Everton,34,GK,4,623,4.5,0.003,68,2.0,Netherlands,0,6,7,0,1,0.0,0.0,3.0,2.0,3.3915999999999995,6.59,0.0
Florian Lejeune,Newcastle+United,26,CB,3,65,4.5,0.01,0,2.0,France,0,3,13,0,0,0.04195804195804196,0.1258741258741259,82.0,5.0,1.4412857142857143,7.0,1.0
Simon Mignolet,Liverpool,29,GK,4,721,5.0,0.016,110,2.0,Belgium,0,4,10,1,0,0.0,0.0,19.0,12.0,5.895,9.54,1.0
Christian Benteke,Crystal+Palace,26,CF,1,1661,8.0,0.105,136,2.0,Belgium,0,3,6,0,1,0.19117647058823528,0.20588235294117646,35.0,28.0,13.16325,41.85,0.0
Marcus Rashford,Manchester+United,19,CF,1,3668,7.5,0.048,76,1.0,England,0,1,12,1,0,0.08,0.1,0.0,18.0,0.4,0.4,0.0
Massadio Haidara,Newcastle+United,24,LB,3,114,4.0,0.005,0,2.0,France,0,2,13,0,0,0.088,0.008,143.0,1.5,1.825,2.25,0.0
Lewis Cook,Bournemouth,20,CM,2,243,4.5,0.008,17,1.0,England,0,1,2,0,0,0.07317073170731707,0.12804878048780488,88.0,6.0,6.3,6.3,0.0
Eduardo,Chelsea,34,LW,1,467,5.0,0.001,0,2.0,Portugal,0,6,5,1,1,0.0,0.0,3.0,0.05,9.125,18.0,1.0
Uwe Hunemeier,Brighton+and+Hove,31,CB,3,88,4.0,0.08,0,2.0,Germany,0,4,3,0,0,0.044444444444444446,0.2,27.0,1.5,0.7300000000000001,2.43,0.0
Joe Lolley,Huddersfield,24,RW,1,63,4.5,0.001,0,1.0,England,0,2,8,0,0,0.08,0.1,0.0,0.25,0.3002,0.45,1.0
Harry Maguire,Leicester+City,24,CB,3,488,5.0,0.015,71,1.0,England,0,2,9,0,0,0.08,0.1,0.0,8.0,5.719333333333334,12.33,1.0
Scott Malone,Huddersfield,26,LB,3,81,4.5,0.001,0,1.0,England,0,3,8,0,0,0.03932584269662921,0.07303370786516854,112.0,0.75,0.8246666666666665,3.51,1.0
Sean Scannell,Huddersfield,26,RW,1,85,4.5,0.001,0,2.0,Ireland,0,3,8,0,0,0.08,0.1,0.0,0.5,0.6042500000000001,1.01,1.0
Alex Oxlade-Chamberlain,Arsenal,23,RM,2,1519,6.0,0.018000000000000002,83,1.0,England,0,2,1,1,0,0.07317073170731707,0.12804878048780488,88.0,22.0,23.310000000000002,34.2,1.0
James Ward-Prowse,Southampton,22,CM,2,416,5.5,0.022000000000000002,92,1.0,England,0,2,14,0,0,0.0,0.0,1.0,15.0,0.4,0.4,0.0
Brad Smith,Bournemouth,23,LB,3,297,4.0,0.033,4,4.0,Australia,0,2,2,0,0,0.021739130434782608,0.021739130434782608,27.0,2.0,3.24,3.24,0.0
Divock Origi,Liverpool,22,CF,1,1092,7.5,0.004,96,2.0,Belgium,0,2,10,1,0,0.08,0.1,0.0,12.0,8.776333333333332,11.37,0.0
Sergio Romero,Manchester+United,30,GK,4,849,5.0,0.002,23,3.0,Argentina,0,4,12,1,0,0.0,0.0,3.0,6.0,1.88075,3.0,1.0
Lucas Perez,Arsenal,28,CF,1,2055,7.5,0.001,20,2.0,Spain,0,4,1,1,1,0.13636363636363635,0.0,10.0,15.0,4.198222222222222,18.0,0.0
Mason Holgate,Everton,20,CB,3,344,4.5,0.028999999999999998,54,1.0,England,0,1,7,0,0,0.0423728813559322,0.01694915254237288,40.0,5.0,0.9239999999999999,1.26,0.0
Matthew Pennington,Everton,22,CB,3,219,4.0,0.017,9,1.0,England,0,2,7,0,0,0.088,0.008,143.0,0.5,0.31666666666666665,0.45,1.0
James Collins,West+Ham,33,CB,3,187,4.5,0.009000000000000001,69,2.0,Wales,0,5,20,0,0,0.03571428571428571,0.05357142857142857,23.0,2.0,0.6375,1.2,0.0
Michel Vorm,Tottenham,33,GK,4,252,5.0,0.001,17,2.0,Netherlands,0,5,17,1,0,0.0,0.0,19.0,4.0,2.265,3.0,1.0
Harry Bunn,Huddersfield,24,LW,1,85,4.5,0.001,0,1.0,England,0,2,8,0,0,0.08,0.1,0.0,0.5,0.2255,0.45,1.0
Kelechi Iheanacho,Manchester+City,20,CF,1,1662,7.0,0.015,52,4.0,Nigeria,0,1,11,1,0,0.08,0.1,0.0,15.0,9.995,19.0,1.0
Kevin Mirallas,Everton,29,RW,1,417,6.5,0.032,119,2.0,Belgium,0,4,7,0,0,0.19375,0.325,93.0,13.0,4.058,6.89,0.0
John Stones,Manchester+City,23,CB,3,1078,5.5,0.023,59,1.0,England,0,2,11,1,1,0.03571428571428571,0.05357142857142857,23.0,35.0,18.5,34.0,1.0
Eric Bailly,Manchester+United,23,CB,3,1588,6.0,0.102,105,4.0,Cote d'Ivoire,0,2,12,1,1,0.03571428571428571,0.05357142857142857,23.0,30.0,16.0,27.5,1.0
Marc Pugh,Bournemouth,30,LW,1,140,5.0,0.001,64,1.0,England,0,4,2,0,0,0.04678362573099415,0.10526315789473684,82.0,2.0,0.21250000000000002,0.25,0.0
Muhamed Besic,Everton,24,DM,2,238,4.5,0.002,0,2.0,Germany,0,2,7,0,0,0.07368421052631578,0.10526315789473684,54.0,5.0,2.305,4.5,1.0
Kevin Wimmer,Tottenham,24,CB,3,355,4.5,0.003,2,2.0,Austria,0,2,17,1,0,0.021739130434782608,0.021739130434782608,27.0,7.0,5.9350000000000005,14.0,0.0
Sheyi Ojo,Liverpool,20,LW,1,383,5.0,0.001,0,1.0,England,0,1,10,1,0,0.037037037037037035,0.037037037037037035,14.0,2.0,1.0625,2.25,1.0
Toby Alderweireld,Tottenham,28,CB,3,756,6.0,0.133,120,2.0,Belgium,0,4,17,1,0,0.03571428571428571,0.05357142857142857,23.0,35.0,9.093333333333334,16.4,1.0
Jamie Murphy,Brighton+and+Hove,27,LW,1,114,5.0,0.001,0,2.0,Scotland,0,3,3,0,0,0.06716417910447761,0.014925373134328358,43.0,1.75,1.431,1.89,0.0
Alberto Moreno,Liverpool,25,LB,3,397,4.5,0.003,8,2.0,Spain,0,3,10,1,0,0.038461538461538464,0.00641025641025641,89.0,10.0,8.19,16.2,1.0
Raheem Sterling,Manchester+City,22,LW,1,2074,8.0,0.038,149,1.0,England,0,2,11,1,0,0.19117647058823528,0.20588235294117646,35.0,45.0,28.98,57.33,1.0
Willy Caballero,Chelsea,35,GK,4,542,5.0,0.002,64,3.0,Argentina,0,6,5,1,0,0.0,0.0,71.0,1.5,1.8561999999999999,7.2,0.0
Robert Elliot,Newcastle+United,31,GK,4,134,4.0,0.135,0,2.0,Ireland,0,4,13,0,0,0.0,0.0,71.0,1.0,0.21700000000000003,0.3,1.0
Isaac Success,Watford,21,LW,1,474,5.5,0.001,28,4.0,Nigeria,0,1,18,0,1,0.3598130841121495,0.1308411214953271,119.0,4.0,6.8275,13.5,0.0
Sam Vokes,Burnley,27,CF,1,290,6.0,0.028999999999999998,121,2.0,Wales,0,3,4,0,0,0.037037037037037035,0.037037037037037035,14.0,4.5,0.9731,7.2,1.0
Aaron Mooy,Huddersfield,26,CM,2,588,5.5,0.025,0,4.0,Australia,0,3,8,0,0,0.08,0.1,0.0,5.0,2.033,8.19,1.0
Miguel Britos,Watford,32,CB,3,131,4.5,0.006,71,3.0,Uruguay,0,5,18,0,0,0.08,0.1,0.0,3.5,3.133333333333333,5.6,0.0
Jack Wilshere,Arsenal,25,CM,2,1759,5.5,0.0,61,1.0,England,0,3,1,1,0,0.04678362573099415,0.10526315789473684,82.0,18.0,0.225,0.25,0.0
Charlie Austin,Southampton,28,CF,1,874,6.5,0.021,62,1.0,England,0,4,14,0,0,0.037037037037037035,0.037037037037037035,14.0,13.0,2.5825,4.68,1.0
Cedric Soares,Southampton,25,RB,3,338,5.0,0.16399999999999998,102,2.0,Portugal,0,3,14,0,0,0.08,0.1,0.0,15.0,9.375,12.45,1.0
Martin Kelly,Crystal+Palace,27,RB,3,210,4.5,0.003,46,1.0,England,0,3,6,0,0,0.0,0.0,19.0,3.0,1.8,1.8,0.0
Elias Kachunga,Huddersfield,25,RW,1,231,6.0,0.006,0,4.0,Congo DR,0,3,8,0,0,0.08,0.1,0.0,3.5,0.49499999999999994,1.35,0.0
Roberto Firmino,Liverpool,25,SS,1,2196,8.5,0.203,180,3.0,Brazil,0,3,10,1,0,0.20388349514563106,0.0970873786407767,114.0,38.0,16.8,30.0,1.0
Scott Arfield,Burnley,28,LM,2,304,5.0,0.001,69,3.0,Canada,0,4,4,0,0,0.19375,0.325,93.0,3.0,0.307,0.414,0.0
Martin Cranie,Huddersfield,30,CB,3,67,4.0,0.013999999999999999,0,1.0,England,0,4,8,0,0,0.011764705882352941,0.052941176470588235,88.0,0.5,0.47666666666666674,0.9,0.0
Andre Ayew,West+Ham,27,LW,1,845,7.0,0.034,89,4.0,Ghana,0,3,20,0,1,0.13043478260869565,0.08695652173913043,9.0,18.0,9.625,16.0,1.0
Karl Darlow,Newcastle+United,26,GK,4,235,4.5,0.011000000000000001,0,1.0,England,0,3,13,0,0,0.0,0.0,19.0,4.5,2.0375,4.5,0.0
Victor Moses,Chelsea,26,RM,2,2537,6.5,0.002,105,4.0,Nigeria,0,3,5,1,0,0.021739130434782608,0.021739130434782608,27.0,18.0,5.13625,10.35,0.0
Kevin Long,Burnley,26,CB,3,68,4.0,0.017,3,2.0,Ireland,0,3,4,0,0,0.038461538461538464,0.00641025641025641,89.0,0.5,0.2544375,0.315,0.0
Aaron Lennon,Everton,30,RW,1,504,5.5,0.002,22,1.0,England,0,4,7,0,0,0.08,0.1,0.0,5.0,2.1915,5.4,0.0
Bruno,Brighton+and+Hove,36,RB,1,215,4.5,0.004,0,3.0,Argentina,0,6,3,0,0,0.08,0.1,0.0,0.5,6.236999999999999,6.93,1.0
Michy Batshuayi,Chelsea,23,CF,1,1162,8.5,0.016,48,2.0,Belgium,0,2,5,1,1,0.22611464968152867,0.15286624203821655,162.0,25.0,11.576000000000002,35.1,0.0
Phil Bardsley,Stoke+City,32,RB,3,365,4.5,0.0,27,2.0,Scotland,0,5,15,0,0,0.0,0.0,19.0,1.5,0.9765000000000001,2.7,1.0
Pedro Obiang,West+Ham,25,CM,2,286,4.5,0.003,55,2.0,Spain,0,3,20,0,0,0.19375,0.325,93.0,9.0,4.330000000000001,6.7,1.0
Diego Costa,Chelsea,28,CF,1,4454,10.0,0.03,196,2.0,Spain,0,4,5,1,0,0.3598130841121495,0.1308411214953271,119.0,50.0,13.9755,59.4,1.0
Mauro Zarate,Watford,30,SS,1,473,5.5,0.0,8,3.0,Argentina,0,4,18,0,0,0.0,0.0,2.0,2.0,5.913333333333334,13.5,1.0
Nicolas Otamendi,Manchester+City,29,CB,3,621,5.5,0.033,100,3.0,Argentina,0,4,11,1,0,0.038461538461538464,0.00641025641025641,89.0,30.0,14.265,40.14,1.0
Harry Winks,Tottenham,21,CM,2,806,5.0,0.0,30,1.0,England,0,1,17,1,0,0.0,0.009523809523809525,64.0,4.0,15.0,15.0,0.0
David Ospina,Arsenal,28,GK,4,544,5.0,0.002,2,3.0,Colombia,0,4,1,1,0,0.0,0.0,19.0,7.0,2.7,3.6,1.0
David Silva,Manchester+City,31,AM,1,1434,8.0,0.033,130,2.0,Spain,0,4,11,1,0,0.07368421052631578,0.10526315789473684,54.0,30.0,13.125,26.0,1.0
Yannick Bolasie,Everton,28,LW,1,896,6.5,0.002,45,4.0,Congo DR,0,4,7,0,1,0.19117647058823528,0.20588235294117646,35.0,20.0,5.778014285714286,26.0,0.0
James Milner,Liverpool,31,CM,2,1824,6.5,0.10400000000000001,139,1.0,England,0,4,10,1,0,0.08,0.1,0.0,12.0,12.99,19.8,0.0
Rajiv van La Parra,Huddersfield,26,LW,1,174,5.0,0.003,0,2.0,Netherlands,0,3,8,0,0,0.07317073170731707,0.12804878048780488,88.0,2.0,0.5720000000000001,1.35,1.0
Kenedy,Chelsea,21,LB,3,566,5.0,0.001,3,3.0,Brazil,0,1,5,1,0,0.08,0.1,0.0,7.0,6.8999999999999995,7.2,0.0
Marc Albrighton,Leicester+City,27,LM,2,347,5.5,0.011000000000000001,95,1.0,England,0,3,9,0,0,0.0,0.0,1.0,6.0,2.28,2.7,1.0
Arthur Masuaku,West+Ham,23,LB,3,199,4.5,0.002,34,4.0,Congo DR,0,2,20,0,1,0.0,0.0,19.0,7.0,3.477,5.6,1.0
Jon Gorenc Stankovic,Huddersfield,21,CB,3,83,4.0,0.011000000000000001,0,2.0,Slovenia,0,1,8,0,0,0.088,0.008,143.0,0.5,0.54,0.54,0.0
Daniel Sturridge,Liverpool,27,CF,1,2042,8.0,0.043,54,1.0,England,0,3,10,1,0,0.0,0.0,2.0,20.0,8.40025,13.5,0.0
Fernando Llorente,Swansea,32,CF,1,1423,7.5,0.006999999999999999,146,2.0,Spain,0,5,16,0,1,0.08,0.1,0.0,6.0,3.59,8.65,1.0
Ruben Loftus-Cheek,Crystal+Palace,21,CM,2,685,4.5,0.16399999999999998,6,1.0,England,0,1,6,0,0,0.07317073170731707,0.12804878048780488,88.0,5.0,4.5,4.5,0.0
Sebastian Prodl,Watford,30,CB,3,169,4.5,0.008,67,2.0,Austria,0,4,18,0,0,0.03571428571428571,0.05357142857142857,23.0,4.0,1.4000000000000001,2.6,0.0
Luka Milivojevic,Crystal+Palace,26,DM,2,407,5.0,0.002,42,2.0,Serbia,0,3,6,0,0,0.08,0.1,0.0,10.0,4.1126000000000005,13.59,1.0
Dusan Tadic,Southampton,28,LW,1,458,6.5,0.049,108,2.0,Serbia,0,4,14,0,0,0.08,0.1,0.0,17.0,0.4,0.4,0.0
Tomer Hemed,Brighton+and+Hove,30,CF,1,253,5.0,0.004,0,4.0,Israel,0,4,3,0,0,0.0,0.0,0.0,2.5,0.6355000000000001,1.26,0.0
Aleksandar Kolarov,Manchester+City,31,LB,3,633,5.5,0.011000000000000001,95,2.0,Serbia,0,4,11,1,0,0.08,0.1,0.0,10.0,6.79825,20.0,0.0
Nordin Amrabat,Watford,30,LW,1,295,5.0,0.001,65,4.0,Morocco,0,4,18,0,0,0.08,0.1,0.0,4.5,2.02,6.5,0.0
Steven Defour,Burnley,29,CM,2,336,5.5,0.002,54,2.0,Belgium,0,4,4,0,1,0.08,0.1,0.0,6.0,4.9725,7.74,1.0
Chris Smalling,Manchester+United,27,CB,3,834,5.5,0.013000000000000001,52,1.0,England,0,3,12,1,0,0.021739130434782608,0.021739130434782608,27.0,18.0,2.1333333333333333,6.0,1.0
Victor Wanyama,Tottenham,26,DM,2,1002,5.0,0.031,103,4.0,Kenya,0,3,17,1,1,0.15057915057915058,0.1776061776061776,149.0,25.0,5.888,15.0,1.0
Mark Hudson,Huddersfield,35,CB,3,70,4.0,0.013999999999999999,0,1.0,England,0,6,8,0,0,0.044444444444444446,0.2,27.0,0.5,0.1675,0.2,0.0
Matteo Darmian,Manchester+United,27,RB,3,1640,5.5,0.003,70,2.0,Italy,0,3,12,1,0,0.0423728813559322,0.01694915254237288,40.0,12.0,4.26975,13.0,1.0
Dele Alli,Tottenham,21,CM,2,4626,9.5,0.386,225,1.0,England,0,1,17,1,0,0.1937984496124031,0.2713178294573643,78.0,45.0,20.235,34.5,1.0
Romelu Lukaku,Manchester+United,24,CF,1,3727,11.5,0.45,221,2.0,Belgium,0,2,12,1,0,0.08,0.1,0.0,50.0,26.95,60.0,1.0
Molla Wague,Leicester+City,26,CB,3,171,4.5,0.0,0,4.0,Mali,0,3,9,0,0,0.15057915057915058,0.1776061776061776,149.0,1.5,0.7583333333333333,1.6,0.0
Leighton Baines,Everton,32,LB,3,491,6.0,0.1,135,1.0,England,0,5,7,0,0,0.08,0.1,0.0,12.0,6.75,6.75,0.0
Ben Woodburn,Liverpool,17,LW,1,1241,4.5,0.001,5,1.0,Wales,0,1,10,1,0,0.22611464968152867,0.15286624203821655,162.0,1.5,3.0,3.0,0.0
Costel Pantilimon,Watford,30,GK,4,268,4.5,0.002,2,2.0,Romania,0,4,18,0,0,0.0,0.0,3.0,3.0,1.2711999999999999,2.5,1.0
Idrissa Gueye,Everton,27,CM,2,705,5.0,0.013000000000000001,80,4.0,Senegal,0,3,7,0,1,0.11956521739130435,0.15217391304347827,48.0,18.0,7.875,8.1,0.0
Ashley Westwood,Burnley,27,DM,2,161,4.5,0.001,13,1.0,England,0,3,4,0,0,0.08,0.1,0.0,4.0,3.735,5.22,1.0
Dale Stephens,Brighton+and+Hove,27,CM,2,122,4.5,0.009000000000000001,0,1.0,England,0,3,3,0,0,0.004,0.0,80.0,5.0,0.17326,0.351,1.0
Andy Carroll,West+Ham,28,CF,1,1212,6.0,0.004,69,1.0,England,0,4,20,0,0,0.0,0.0,2.0,10.0,4.333333333333333,7.0,1.0
Juan Mata,Manchester+United,29,AM,1,2280,7.0,0.035,102,2.0,Spain,0,4,12,1,0,0.04678362573099415,0.10526315789473684,82.0,30.0,20.400001,37.0,1.0
Fernandinho,Manchester+City,32,DM,2,595,5.0,0.008,78,3.0,Brazil,0,5,11,1,0,0.08,0.1,0.0,18.0,16.501,26.0,1.0
Henrikh Mkhitaryan,Manchester+United,28,AM,1,3312,8.0,0.045,73,4.0,Armenia,0,4,12,1,1,0.19117647058823528,0.20588235294117646,35.0,35.0,18.787,33.0,0.0
Danny Rose,Tottenham,27,LB,3,848,6.5,0.006,84,1.0,England,0,3,17,1,0,0.044444444444444446,0.2,27.0,28.0,10.183333333333334,17.3,1.0
Daniel Drinkwater,Leicester+City,27,CM,2,714,5.0,0.002,69,1.0,England,0,3,9,0,0,0.03260869565217391,0.05434782608695652,42.0,9.0,2.002,8.1,1.0
Mesut Ozil,Arsenal,28,AM,1,4395,9.5,0.055999999999999994,167,2.0,Germany,0,4,1,1,0,0.19375,0.325,93.0,50.0,9.114285714285714,42.3,1.0
Glenn Murray,Brighton+and+Hove,33,CF,1,496,6.0,0.013000000000000001,0,1.0,England,0,5,3,0,0,0.08,0.1,0.0,3.5,1.4925,4.86,0.0
Troy Deeney,Watford,29,CF,1,1141,6.5,0.034,130,1.0,England,0,4,18,0,0,0.13636363636363635,0.0,10.0,11.0,2.88,5.0,1.0
Kenedy,Chelsea,21,LB,3,566,5.0,0.001,3,3.0,Brazil,0,1,5,1,0,0.08,0.1,0.0,7.0,6.8999999999999995,7.2,0.0
James McCarthy,Everton,26,CM,2,306,5.0,0.001,23,2.0,Ireland,0,3,7,0,0,0.07317073170731707,0.12804878048780488,88.0,15.0,9.18,13.77,1.0
Per Mertesacker,Arsenal,32,CB,3,702,5.0,0.01,1,2.0,Germany,0,5,1,1,0,0.038461538461538464,0.00641025641025641,89.0,6.0,7.2,10.17,1.0
Robert Snodgrass,West+Ham,29,RW,1,1210,6.0,0.065,133,2.0,Scotland,0,4,20,0,0,0.04678362573099415,0.10526315789473684,82.0,8.0,3.65625,6.75,0.0
Bernardo Silva,Manchester+City,22,RW,1,1098,8.0,0.046,0,2.0,Portugal,1,2,11,1,0,0.15057915057915058,0.1776061776061776,149.0,40.0,26.5,39.0,1.0
Christian Fuchs,Leicester+City,31,LB,3,417,5.0,0.035,104,2.0,Austria,0,4,9,0,0,0.011764705882352941,0.052941176470588235,88.0,6.0,1.5366666666666664,3.42,0.0
Jesse Lingard,Manchester+United,24,LW,1,1939,6.0,0.006999999999999999,60,1.0,England,0,2,12,1,0,0.19375,0.325,93.0,12.0,0.43333333333333335,0.8,1.0
Oliver Norwood,Brighton+and+Hove,26,CM,2,134,4.5,0.002,0,2.0,Northern Ireland,0,3,3,0,0,0.0,0.0,6.0,2.5,0.8716666666666667,1.98,1.0
Luke Shaw,Manchester+United,22,LB,3,947,5.0,0.004,45,1.0,England,0,2,12,1,0,0.0,0.0,19.0,20.0,28.46,28.46,0.0
Victor Lindelof,Manchester+United,23,CB,3,950,5.5,0.17,0,2.0,Sweden,1,2,12,1,0,0.044444444444444446,0.2,27.0,22.0,9.15,24.5,1.0
Aleksandar Mitrovic,Newcastle+United,22,CF,1,781,5.0,0.025,0,2.0,Serbia,0,2,13,0,0,0.3598130841121495,0.1308411214953271,119.0,10.0,8.674,16.57,1.0
Jordan Pickford,Everton,23,GK,4,719,5.0,0.146,102,1.0,England,0,2,7,0,0,0.0,0.0,71.0,15.0,9.9125,25.65,1.0
James Tomkins,Crystal+Palace,28,CB,3,208,4.5,0.02,75,1.0,England,0,4,6,0,1,0.03571428571428571,0.05357142857142857,23.0,7.0,10.53,10.53,0.0
Ryan Bertrand,Southampton,27,LB,3,578,5.5,0.11199999999999999,123,1.0,England,0,3,14,0,0,0.038461538461538464,0.00641025641025641,89.0,20.0,3.1958333333333333,11.7,1.0
Valon Behrami,Watford,32,DM,2,237,4.5,0.004,48,2.0,Switzerland,0,5,18,0,0,0.0,0.009523809523809525,64.0,2.5,1.9083333333333334,5.4,0.0
Leroy Sane,Manchester+City,21,LW,1,2302,8.5,0.08800000000000001,105,2.0,Germany,0,1,11,1,1,0.08,0.1,0.0,35.0,9.75,35.0,1.0
Etienne Capoue,Watford,29,DM,2,412,5.5,0.08,131,2.0,France,0,4,18,0,0,0.08,0.1,0.0,9.0,5.966666666666666,9.9,0.0
Cuco Martina,Everton,27,RB,3,232,4.5,0.004,31,2.0,Curacao,0,3,7,0,0,0.09090909090909091,0.03896103896103896,44.0,2.0,0.7525000000000001,2.25,1.0
Adrian,West+Ham,30,GK,4,266,4.5,0.008,64,2.0,Spain,0,4,20,0,0,0.0,0.0,19.0,8.0,4.026668333333333,6.08,1.0
Pape Souare,Crystal+Palace,27,LB,3,186,4.5,0.0,6,4.0,Senegal,0,3,6,0,0,0.038461538461538464,0.00641025641025641,89.0,6.0,4.8,4.8,0.0
Ilkay Gundogan,Manchester+City,26,CM,2,1586,5.5,0.01,41,2.0,Germany,0,3,11,1,1,0.19375,0.325,93.0,30.0,5.05,24.0,1.0
Artur Boruc,Bournemouth,37,GK,4,436,4.5,0.069,120,2.0,Poland,0,6,2,0,0,0.0,0.0,19.0,1.0,0.8678571428571429,2.25,0.0
Ramiro Funes Mori,Everton,26,CB,3,460,5.0,0.001,69,3.0,Argentina,0,3,7,0,0,0.038461538461538464,0.00641025641025641,89.0,12.0,9.855,11.61,0.0
Sofiane Feghouli,West+Ham,27,RW,1,394,5.5,0.002,55,4.0,Algeria,0,3,20,0,1,0.08,0.1,0.0,12.0,4.026668333333333,6.08,1.0
Chris Lowe,Huddersfield,28,LB,3,84,4.5,0.006999999999999999,0,2.0,Germany,0,4,8,0,0,0.038461538461538464,0.00641025641025641,89.0,1.5,0.6676666666666667,1.35,1.0
Christopher Schindler,Huddersfield,27,CB,3,73,4.5,0.009000000000000001,0,2.0,Germany,0,3,8,0,0,0.021739130434782608,0.021739130434782608,27.0,2.0,1.0125,1.98,1.0
Ross Barkley,Everton,23,AM,1,1413,7.5,0.006999999999999999,144,1.0,England,0,2,7,0,0,0.04678362573099415,0.10526315789473684,82.0,25.0,9.63,15.21,1.0
Tom Cleverley,Watford,27,CM,2,703,5.0,0.002,55,1.0,England,0,3,18,0,0,0.11956521739130435,0.15217391304347827,48.0,8.0,3.925,7.6,1.0
Phil Jones,Manchester+United,25,CB,3,808,5.0,0.004,55,1.0,England,0,3,12,1,0,0.011764705882352941,0.052941176470588235,88.0,14.0,6.5225,13.0,1.0
DeAndre Yedlin,Newcastle+United,24,RB,3,764,4.5,0.052000000000000005,0,3.0,United States,0,2,13,0,0,0.0,0.0,19.0,5.0,1.9476,5.31,1.0
Seamus Coleman,Everton,28,RB,3,843,6.5,0.004,133,2.0,Ireland,0,4,7,0,0,0.011764705882352941,0.052941176470588235,88.0,17.0,0.33570000000000005,0.9,1.0
Daniel Drinkwater,Leicester+City,27,CM,2,714,5.0,0.002,69,1.0,England,0,3,9,0,0,0.08,0.1,0.0,9.0,2.002,8.1,1.0
Scott Dann,Crystal+Palace,30,CB,3,217,5.0,0.011000000000000001,61,1.0,England,0,4,6,0,0,0.011764705882352941,0.052941176470588235,88.0,5.0,2.3646000000000003,6.12,0.0
Kevin De Bruyne,Manchester+City,26,AM,1,2252,10.0,0.175,199,2.0,Belgium,0,3,11,1,0,0.11956521739130435,0.15217391304347827,48.0,65.0,25.11,68.4,1.0
Rolando Aarons,Newcastle+United,21,LW,1,170,4.5,0.001,0,1.0,England,0,1,13,0,0,0.08,0.1,0.0,0.75,0.35,0.45,1.0
Francis Coquelin,Arsenal,26,DM,2,549,4.5,0.017,52,2.0,France,0,3,1,1,0,0.0,0.009523809523809525,64.0,15.0,2.916,12.6,1.0
Granit Xhaka,Arsenal,24,DM,2,1815,5.5,0.02,85,2.0,Switzerland,0,2,1,1,0,0.07368421052631578,0.10526315789473684,54.0,35.0,24.075,40.5,1.0
Mark Noble,West+Ham,30,CM,2,425,5.5,0.001,71,1.0,England,0,4,20,0,0,0.07317073170731707,0.12804878048780488,88.0,7.0,3.1166666666666667,5.6,1.0
Kieran Gibbs,Arsenal,27,LB,3,489,5.0,0.005,45,1.0,England,0,3,1,1,0,0.011764705882352941,0.052941176470588235,88.0,10.0,3.4875,6.75,1.0
Antonio Valencia,Manchester+United,31,RB,3,1561,6.5,0.062,120,3.0,Ecuador,0,4,12,1,0,0.03932584269662921,0.07303370786516854,112.0,10.0,4.59,13.5,1.0
Hector Bellerin,Arsenal,22,RB,3,1675,6.0,0.13699999999999998,119,2.0,Spain,0,2,1,1,0,0.04195804195804196,0.1258741258741259,82.0,30.0,0.3825,0.45,0.0
Mohamed Elneny,Arsenal,25,DM,2,683,4.5,0.008,26,4.0,Egypt,0,3,1,1,0,0.0,0.07142857142857142,26.0,10.0,5.913,11.25,1.0
Dean Marney,Burnley,33,CM,2,171,4.5,0.0,51,1.0,England,0,5,4,0,0,0.0423728813559322,0.01694915254237288,40.0,1.0,0.3146,0.54,1.0
Pedro,Chelsea,29,RW,1,1500,8.0,0.078,162,2.0,Spain,0,4,5,1,0,0.41721854304635764,0.2052980132450331,86.0,28.0,12.25,24.3,1.0
Sofiane Boufal,Southampton,23,AM,1,590,6.0,0.003,40,4.0,Morocco,0,2,14,0,1,0.04678362573099415,0.10526315789473684,82.0,15.0,10.07775,15.83,0.0
Tom Heaton,Burnley,31,GK,4,717,5.0,0.135,149,1.0,England,0,4,4,0,0,0.0,0.0,71.0,4.0,0.23125,0.25,0.0
Jan Vertonghen,Tottenham,30,CB,3,511,6.0,0.09,126,2.0,Belgium,0,4,17,1,0,0.011764705882352941,0.052941176470588235,88.0,28.0,14.5,14.5,0.0
Jeff Hendrick,Burnley,25,CM,2,352,5.5,0.002,76,2.0,Ireland,0,3,4,0,1,0.03260869565217391,0.05434782608695652,42.0,6.0,10.62,10.62,0.0
Petr Cech,Arsenal,35,GK,4,1529,5.5,0.059000000000000004,134,2.0,Czech Republic,0,6,1,1,0,0.0,0.004514672686230248,280.0,7.0,5.9079999999999995,12.6,1.0
Ben Mee,Burnley,27,CB,3,166,4.5,0.13699999999999998,94,1.0,England,0,3,4,0,0,0.08,0.1,0.0,6.0,0.25,0.25,0.0
Jordan Henderson,Liverpool,27,CM,2,1236,5.5,0.018000000000000002,73,1.0,England,0,3,10,1,0,0.04678362573099415,0.10526315789473684,82.0,28.0,9.0,9.0,0.0
Vicente Iborra,Leicester+City,29,DM,2,253,6.0,0.008,0,2.0,Spain,1,4,9,0,0,0.07368421052631578,0.10526315789473684,54.0,9.0,9.299999999999999,13.5,0.0
Kenedy,Chelsea,21,LB,3,566,5.0,0.001,3,3.0,Brazil,0,1,5,1,0,0.08,0.1,0.0,7.0,6.8999999999999995,7.2,0.0
Charlie Daniels,Bournemouth,30,LB,3,185,5.0,0.198,134,1.0,England,0,4,2,0,0,0.038461538461538464,0.00641025641025641,89.0,3.0,0.2306,0.25,0.0
Mason Holgate,Everton,20,CB,3,344,4.5,0.028999999999999998,54,1.0,England,0,1,7,0,0,0.021739130434782608,0.021739130434782608,27.0,5.0,0.9239999999999999,1.26,0.0
Leonardo Ulloa,Leicester+City,30,CF,1,472,5.0,0.002,24,2.0,Argentina,0,4,9,0,0,0.02608695652173913,0.08695652173913043,37.0,6.0,2.8091666666666666,9.09,0.0
Nampalys Mendy,Leicester+City,25,DM,2,325,4.5,0.001,6,2.0,France,0,3,9,0,1,0.07317073170731707,0.12804878048780488,88.0,10.0,7.10375,13.95,0.0
Jamie Murphy,Brighton+and+Hove,27,LW,1,114,5.0,0.001,0,2.0,Scotland,0,3,3,0,0,0.0,0.0,0.0,1.75,1.431,1.89,0.0
Jonas Lossl,Huddersfield,28,GK,4,56,4.5,0.005,0,2.0,Denmark,0,4,8,0,0,0.0,0.0,71.0,1.5,1.5750000000000002,2.25,1.0
Christian Eriksen,Tottenham,25,AM,1,1130,9.5,0.12,218,2.0,Denmark,0,3,17,1,0,0.07368421052631578,0.10526315789473684,54.0,40.0,15.783333333333333,32.0,1.0
Alexis Sanchez,Arsenal,28,LW,1,4329,12.0,0.171,264,3.0,Chile,0,4,1,1,0,0.41721854304635764,0.2052980132450331,86.0,65.0,19.348333333333333,49.6,1.0
Mohamed Salah,Liverpool,25,RW,1,1117,9.0,0.124,0,4.0,Egypt,1,3,10,1,0,0.41721854304635764,0.2052980132450331,86.0,35.0,18.9,37.8,1.0
Marko Arnautovic,Stoke+City,28,LW,1,579,7.0,0.006999999999999999,117,1.0,England,0,4,15,0,0,0.08,0.1,0.0,15.0,5.430000000000001,18.6,1.0
Darren Randolph,West+Ham,30,GK,4,459,4.5,0.004,69,2.0,Ireland,0,4,20,0,0,0.0,0.0,71.0,2.5,0.7,1.2,1.0
Younes Kaboul,Watford,31,CB,3,263,4.5,0.001,57,2.0,France,0,4,18,0,1,0.044444444444444446,0.2,27.0,2.5,5.442500000000001,10.8,0.0
Moussa Sissoko,Tottenham,27,CM,2,1162,5.5,0.003,43,2.0,France,0,3,17,1,1,0.07317073170731707,0.12804878048780488,88.0,20.0,7.9,14.0,1.0
Son Heung-Min,Tottenham,25,LW,1,2185,8.0,0.016,174,4.0,South Korea,0,3,17,1,0,0.13636363636363635,0.0,10.0,30.0,9.6125,29.0,1.0
Ross Barkley,Everton,23,AM,1,1413,7.5,0.006999999999999999,144,1.0,England,0,2,7,0,0,0.08,0.1,0.0,25.0,9.63,15.21,1.0
Markus Suttner,Brighton+and+Hove,30,LB,3,23,4.5,0.002,0,2.0,Austria,0,4,3,0,0,0.09090909090909091,0.03896103896103896,44.0,2.0,2.34,4.05,1.0
Daley Blind,Manchester+United,27,LB,3,867,5.5,0.012,98,2.0,Netherlands,0,3,12,1,0,0.088,0.008,143.0,22.0,13.75,13.75,0.0
Junior Stanislas,Bournemouth,27,LW,1,315,6.0,0.006,107,1.0,England,0,3,2,0,0,0.11956521739130435,0.15217391304347827,48.0,4.5,0.71,1.22,0.0
Hugo Lloris,Tottenham,30,GK,4,847,5.5,0.126,143,2.0,France,0,4,17,1,0,0.0,0.0,71.0,24.0,11.825,16.0,1.0
Ashley Barnes,Burnley,27,CF,1,287,5.5,0.012,81,1.0,England,0,3,4,0,0,0.08,0.1,0.0,2.5,0.26757142857142857,0.423,1.0
Bakary Sako,Crystal+Palace,29,LW,1,226,5.0,0.001,7,4.0,Mali,0,4,6,0,0,0.08,0.1,0.0,6.0,3.5400000000000005,4.5,1.0
Ayoze Perez,Newcastle+United,23,SS,1,368,5.5,0.016,0,2.0,Spain,0,2,13,0,0,0.41721854304635764,0.2052980132450331,86.0,8.0,1.8,1.8,0.0
Harry Kane,Tottenham,23,CF,1,4161,12.5,0.35100000000000003,224,1.0,England,0,2,17,1,0,0.22611464968152867,0.15286624203821655,162.0,60.0,23.125,46.0,1.0
Michael Keane,Everton,24,CB,3,1362,5.5,0.131,113,1.0,England,0,2,7,0,0,0.03932584269662921,0.07303370786516854,112.0,18.0,5.7218,25.6,1.0
Jordan Pickford,Everton,23,GK,4,719,5.0,0.146,102,1.0,England,0,2,7,0,0,0.08,0.1,0.0,15.0,9.9125,25.65,1.0
Kiko Femenia,Watford,26,RB,3,74,4.5,0.003,0,2.0,Spain,1,3,18,0,0,0.088,0.008,143.0,4.0,2.1,3.5,1.0
Santi Cazorla,Arsenal,32,CM,2,943,7.0,0.001,38,2.0,Spain,0,5,1,1,0,0.1937984496124031,0.2713178294573643,78.0,12.0,7.888,20.7,0.0
Mamadou Sakho,Liverpool,27,CB,3,934,5.0,0.001,35,2.0,France,0,3,10,1,0,0.08,0.1,0.0,15.0,18.150000000000002,25.38,1.0
Tommy Smith,Huddersfield,25,RB,3,65,5.0,0.011000000000000001,0,1.0,England,0,3,8,0,0,0.08,0.1,0.0,2.0,0.84,1.35,1.0
Winston Reid,West+Ham,29,CB,3,338,5.0,0.004,102,4.0,New Zealand,0,4,20,0,0,0.08,0.1,0.0,10.0,5.75,10.0,1.0
Dominic Calvert-Lewin,Everton,20,SS,1,343,5.0,0.003,17,1.0,England,0,1,7,0,1,0.41721854304635764,0.2052980132450331,86.0,3.5,0.935,1.62,1.0
Gabriel,Arsenal,26,CB,3,552,5.0,0.001,45,3.0,Brazil,0,3,1,1,0,0.021739130434782608,0.021739130434782608,27.0,13.0,8.79,13.5,0.0
Dan Gosling,Bournemouth,27,CM,2,184,5.0,0.001,49,1.0,England,0,3,2,0,0,0.0,0.0,1.0,3.0,0.5,1.35,0.0
Eric Dier,Tottenham,23,DM,2,1239,5.0,0.035,93,1.0,England,0,2,17,1,0,0.19375,0.325,93.0,25.0,4.5,4.5,0.0
Pablo Zabaleta,West+Ham,32,RB,3,698,5.0,0.027000000000000003,45,3.0,Argentina,0,5,20,0,0,0.08,0.1,0.0,7.0,7.1075,10.0,0.0
Jan Bednarek,Southampton,21,CB,3,9,4.5,0.004,0,2.0,Poland,1,1,14,0,0,0.08,0.1,0.0,0.5,4.4,4.4,0.0
Nathan Ake,Bournemouth,22,CB,3,1274,5.0,0.115,55,2.0,Netherlands,0,2,2,0,0,0.044444444444444446,0.2,27.0,8.0,4.4488,20.52,1.0
Oriol Romeu,Southampton,25,DM,2,476,4.5,0.042,80,2.0,Spain,0,3,14,0,0,0.08,0.1,0.0,10.0,4.455,6.15,0.0
Ander Herrera,Manchester+United,27,CM,2,1603,5.5,0.077,97,2.0,Spain,0,3,12,1,0,0.1937984496124031,0.2713178294573643,78.0,30.0,17.125,27.5,1.0
Henrikh Mkhitaryan,Manchester+United,28,AM,1,3312,8.0,0.045,73,4.0,Armenia,0,4,12,1,1,0.07368421052631578,0.10526315789473684,54.0,35.0,18.787,33.0,0.0
Jordy Clasie,Southampton,26,DM,2,201,4.5,0.004,38,2.0,Netherlands,0,3,14,0,0,0.04195804195804196,0.1258741258741259,82.0,10.0,9.450000000000001,13.5,0.0
Sead Kolasinac,Arsenal,24,LB,3,618,6.0,0.069,0,2.0,Bosnia,1,2,1,1,0,0.044444444444444446,0.2,27.0,15.0,0.2,0.2,0.0
Davy Klaassen,Everton,24,AM,1,428,7.5,0.036000000000000004,0,2.0,Netherlands,1,2,7,0,0,0.0,0.0,1.0,18.0,18.225,24.3,0.0
Anthony Knockaert,Brighton+and+Hove,25,RW,1,726,6.0,0.048,0,2.0,France,0,3,3,0,0,0.0,0.0,0.0,8.0,1.3866666666666667,3.15,1.0
Anthony Martial,Manchester+United,21,CF,1,2430,8.0,0.006,95,2.0,France,0,1,12,1,0,0.08,0.1,0.0,30.0,19.25,34.0,1.0
Axel Tuanzebe,Manchester+United,19,CB,3,279,4.0,0.017,14,1.0,England,0,1,12,1,0,0.04195804195804196,0.1258741258741259,82.0,1.0,1.4833333333333332,3.3,1.0
Sam Byram,West+Ham,23,RB,3,198,4.5,0.003,29,1.0,England,0,2,20,0,0,0.038461538461538464,0.00641025641025641,89.0,4.5,1.7166666666666666,4.6,1.0
Jeremy Pied,Southampton,28,RM,2,136,4.5,0.001,5,2.0,France,0,4,14,0,1,0.088,0.008,143.0,3.5,1.5725,2.7,1.0
Shane Long,Southampton,30,CF,1,703,6.0,0.003,57,2.0,Ireland,0,4,14,0,0,0.0,0.07142857142857142,26.0,9.0,5.6795,12.41,1.0
Jordon Ibe,Bournemouth,21,RW,1,504,5.0,0.004,36,1.0,England,0,1,2,0,0,0.08,0.1,0.0,8.0,5.566666666666666,16.2,1.0
Kelechi Iheanacho,Manchester+City,20,CF,1,1662,7.0,0.015,52,4.0,Nigeria,0,1,11,1,0,0.20388349514563106,0.0970873786407767,114.0,15.0,9.995,19.0,1.0
Ashley Williams,Everton,32,CB,3,599,5.5,0.047,127,2.0,Wales,0,5,7,0,1,0.044444444444444446,0.2,27.0,8.0,2.7068,12.6,1.0
Trent Alexander-Arnold,Liverpool,18,RB,3,327,4.5,0.003,15,2.0,England,0,1,10,1,0,0.09090909090909091,0.03896103896103896,44.0,1.5,0.4,0.4,0.0
Nacho Monreal,Arsenal,31,LB,3,555,5.5,0.047,115,2.0,Spain,0,4,1,1,0,0.03932584269662921,0.07303370786516854,112.0,13.0,7.2,9.0,1.0
Emiliano Martinez,Arsenal,24,GK,4,372,4.0,0.042,8,3.0,Argentina,0,2,1,1,0,0.0,0.0,3.0,1.0,0.25,0.25,0.0
Siem de Jong,Newcastle+United,28,AM,1,341,5.0,0.001,0,2.0,Netherlands,0,4,13,0,0,0.08,0.1,0.0,5.5,4.29525,7.83,0.0
Theo Walcott,Arsenal,28,RW,1,2393,7.5,0.015,122,1.0,England,0,4,1,1,0,0.08,0.1,0.0,20.0,14.85,20.25,1.0
Joel Pereira,Manchester+United,21,GK,4,395,4.0,0.01,6,2.0,Portugal,0,1,12,1,0,0.08,0.1,0.0,0.1,0.4666666666666666,0.9,1.0
Ben Davies,Tottenham,24,LB,3,396,5.5,0.018000000000000002,90,2.0,Wales,0,2,17,1,0,0.088,0.008,143.0,12.0,7.25,14.3,1.0
Marcos Rojo,Manchester+United,27,CB,3,1063,5.5,0.001,77,3.0,Argentina,0,3,12,1,0,0.038461538461538464,0.00641025641025641,89.0,18.0,6.633333333333333,14.5,1.0
Laurent Depoitre,Huddersfield,28,CF,1,212,5.5,0.003,0,2.0,Belgium,0,4,8,0,0,0.0,0.0,1.0,3.0,2.305,5.4,0.0
Jonathan Hogg,Huddersfield,28,CM,2,75,4.5,0.003,0,1.0,England,0,4,8,0,0,0.15057915057915058,0.1776061776061776,149.0,1.0,0.4583333333333333,0.9,1.0
Kyle Walker,Manchester+City,27,RB,3,1008,6.5,0.185,142,1.0,England,0,3,11,1,0,0.08,0.1,0.0,30.0,13.56925,45.0,1.0
Collin Quaner,Huddersfield,26,CF,1,126,4.5,0.016,0,2.0,Germany,0,3,8,0,0,0.19117647058823528,0.20588235294117646,35.0,1.0,0.25,0.45,1.0
Will Hughes,Watford,22,CM,2,258,5.0,0.006,0,1.0,England,1,2,18,0,0,0.1937984496124031,0.2713178294573643,78.0,8.0,8.19,8.19,0.0
Gylfi Sigurdsson,Swansea,27,AM,1,861,8.5,0.087,181,2.0,Iceland,0,3,16,0,0,0.0,0.07142857142857142,26.0,25.0,10.522834333333334,36.007,1.0
Sadio Mane,Liverpool,25,LW,1,3219,9.5,0.053,156,4.0,Senegal,0,3,10,1,1,0.3598130841121495,0.1308411214953271,119.0,40.0,20.459999999999997,37.08,1.0
Nathaniel Chalobah,Watford,22,DM,2,977,4.5,0.023,12,1.0,England,0,2,18,0,0,0.08,0.1,0.0,5.0,1.8166666666666667,4.5,1.0
Joel Robles,Everton,27,GK,4,304,4.5,0.004,89,2.0,Spain,0,3,7,0,0,0.0,0.0,19.0,5.0,2.3333333333333335,3.6,0.0
Aaron Cresswell,West+Ham,27,LB,3,380,5.0,0.013000000000000001,60,1.0,England,0,3,20,0,0,0.044444444444444446,0.2,27.0,12.0,6.226666666666667,9.79,1.0
Sandro Ramirez,Everton,22,CF,1,373,7.5,0.021,0,2.0,Spain,1,2,7,0,0,0.3598130841121495,0.1308411214953271,119.0,10.0,4.866666666666667,9.0,1.0
Alexandre Lacazette,Arsenal,26,CF,1,1183,10.5,0.265,0,2.0,France,1,3,1,1,0,0.4262295081967213,0.18032786885245902,34.0,40.0,4.7,4.7,0.0
Damien Delaney,Crystal+Palace,36,CB,3,195,4.5,0.006,51,2.0,Ireland,0,6,6,0,0,0.021739130434782608,0.021739130434782608,27.0,1.0,0.5198333333333333,0.99,1.0
Jeffrey Schlupp,Crystal+Palace,24,LB,3,385,5.0,0.003,47,4.0,Ghana,0,2,6,0,0,0.088,0.008,143.0,8.0,12.42,12.42,0.0
Tyrone Mings,Bournemouth,24,CB,3,422,4.5,0.004,4,1.0,England,0,2,2,0,0,0.03932584269662921,0.07303370786516854,112.0,5.0,2.6925,10.17,1.0
Manuel Lanzini,West+Ham,24,AM,1,493,7.0,0.07200000000000001,133,3.0,Argentina,0,2,20,0,0,0.15057915057915058,0.1776061776061776,149.0,15.0,9.0,11.0,1.0
Grant Hanley,Newcastle+United,25,CB,3,265,4.0,0.025,0,2.0,Scotland,0,3,13,0,0,0.03571428571428571,0.05357142857142857,23.0,4.5,4.68,5.94,0.0
Michail Antonio,West+Ham,27,RW,1,1142,7.5,0.005,132,1.0,England,0,3,20,0,0,0.11956521739130435,0.15217391304347827,48.0,18.0,7.5,14.0,1.0
Leonardo Ulloa,Leicester+City,30,CF,1,472,5.0,0.002,24,2.0,Argentina,0,4,9,0,0,0.08,0.1,0.0,6.0,2.8091666666666666,9.09,0.0
Craig Cathcart,Watford,28,CB,3,128,4.5,0.0,31,2.0,Northern Ireland,0,4,18,0,0,0.021739130434782608,0.021739130434782608,27.0,4.0,0.9500000000000001,2.1,1.0
Ben Hamer,Leicester+City,29,GK,4,132,4.5,0.001,0,1.0,England,0,4,9,0,0,0.0,0.0,19.0,0.5,0.20800000000000002,0.45,1.0
Jack Payne,Huddersfield,25,CM,2,81,4.5,0.001,0,1.0,England,0,3,8,0,0,0.1937984496124031,0.2713178294573643,78.0,0.25,0.25375,0.315,1.0
Daryl Murphy,Newcastle+United,34,CF,1,541,4.5,0.027999999999999997,0,2.0,Ireland,0,6,13,0,0,0.13636363636363635,0.0,10.0,1.5,1.1045,2.7,1.0
Fabian Delph,Manchester+City,27,CM,2,520,4.5,0.004,13,1.0,England,0,3,11,1,0,0.1937984496124031,0.2713178294573643,78.0,8.0,8.295,10.35,1.0
Kyle Walker,Manchester+City,27,RB,3,1008,6.5,0.185,142,1.0,England,0,3,11,1,0,0.088,0.008,143.0,30.0,13.56925,45.0,1.0
Riyad Mahrez,Leicester+City,26,RW,1,1753,8.5,0.017,120,4.0,Algeria,0,3,9,0,0,0.1937984496124031,0.2713178294573643,78.0,30.0,30.725001000000002,61.000002,1.0
Yaya Toure,Manchester+City,34,CM,2,2318,6.5,0.025,86,4.0,Cote d'Ivoire,0,6,11,1,0,0.037037037037037035,0.037037037037037035,14.0,8.0,4.925714285714285,15.0,0.0
Patrick van Aanholt,Crystal+Palace,26,LB,3,524,5.5,0.042,98,2.0,Netherlands,0,3,6,0,0,0.044444444444444446,0.2,27.0,9.0,2.382,9.45,1.0
Niki Maenpaa,Brighton+and+Hove,32,GK,4,103,4.0,0.021,0,2.0,Finland,0,5,3,0,0,0.0,0.0,19.0,0.25,0.2,0.2,0.0
Connor Goldson,Brighton+and+Hove,24,CB,3,52,4.0,0.008,0,1.0,England,0,2,3,0,0,0.011764705882352941,0.052941176470588235,88.0,0.75,1.9125,3.06,1.0
Mat Ryan,Brighton+and+Hove,25,GK,4,344,4.5,0.015,0,4.0,Australia,0,3,3,0,0,0.0,0.0,71.0,3.5,4.061249999999999,6.3,1.0
Paul Dummett,Newcastle+United,25,LB,3,177,4.5,0.01,0,2.0,Wales,0,3,13,0,0,0.044444444444444446,0.2,27.0,3.5,0.15833333333333333,0.25,1.0
Loris Karius,Liverpool,24,GK,4,1255,5.0,0.002,32,2.0,Germany,0,2,10,1,0,0.0,0.0,71.0,8.0,3.74575,9.0,1.0
Virgil van Dijk,Southampton,26,CB,3,1102,5.5,0.04,75,2.0,Netherlands,0,3,14,0,0,0.04195804195804196,0.1258741258741259,82.0,30.0,20.225,64.0,1.0
Jermain Defoe,Bournemouth,34,CF,1,3213,8.0,0.15,166,1.0,England,0,6,2,0,0,0.08,0.1,0.0,5.0,5.641875,14.76,0.0
Olivier Giroud,Arsenal,30,CF,1,2230,8.5,0.025,116,2.0,France,0,4,1,1,0,0.3598130841121495,0.1308411214953271,119.0,22.0,9.3,15.3,1.0
Joel Ward,Crystal+Palace,27,RB,3,154,5.0,0.006,86,1.0,England,0,3,6,0,0,0.08,0.1,0.0,5.0,0.585,0.585,0.0
Joshua King,Bournemouth,25,SS,1,997,7.5,0.10400000000000001,178,2.0,Norway,0,3,2,0,0,0.41721854304635764,0.2052980132450331,86.0,8.0,0.4525,1.11,0.0
James Tarkowski,Burnley,24,CB,3,116,4.5,0.001,23,1.0,England,0,2,4,0,0,0.03571428571428571,0.05357142857142857,23.0,2.0,3.6,3.6,0.0
Willian,Chelsea,28,RW,1,1165,7.0,0.09,114,3.0,Brazil,0,4,5,1,0,0.19117647058823528,0.20588235294117646,35.0,32.0,25.349999999999998,31.95,1.0
Joel Pereira,Manchester+United,21,GK,4,395,4.0,0.01,6,2.0,Portugal,0,1,12,1,0,0.08,0.1,0.0,0.1,0.4666666666666666,0.9,1.0
Jiri Skalak,Brighton+and+Hove,25,LW,1,87,5.0,0.001,0,2.0,Czech Republic,0,3,3,0,0,0.08,0.1,0.0,1.5,0.636,1.53,0.0
Steve Cook,Bournemouth,26,CB,3,184,5.0,0.02,112,1.0,England,0,3,2,0,0,0.011764705882352941,0.052941176470588235,88.0,5.0,0.228,0.25,0.0
Nathan Redmond,Southampton,23,RW,1,706,6.5,0.113,126,1.0,England,0,2,14,0,1,0.19375,0.325,93.0,15.0,4.537333333333334,11.56,1.0
Matt Ritchie,Newcastle+United,27,RM,2,566,6.0,0.042,0,2.0,Scotland,0,3,13,0,0,0.07317073170731707,0.12804878048780488,88.0,9.0,2.1774999999999998,7.8,1.0
David Luiz,Chelsea,30,CB,3,2745,6.0,0.203,132,3.0,Brazil,0,4,5,1,0,0.011764705882352941,0.052941176470588235,88.0,30.0,24.75,44.55,0.0
Alexis Sanchez,Arsenal,28,LW,1,4329,12.0,0.171,264,3.0,Chile,0,4,1,1,0,0.41721854304635764,0.2052980132450331,86.0,65.0,19.348333333333333,49.6,1.0
Beram Kayal,Brighton+and+Hove,29,CM,2,167,4.5,0.003,0,4.0,Israel,0,4,3,0,0,0.0,0.008,44.0,1.25,1.62,1.62,0.0
Pierre-Emile Hojbjerg,Southampton,21,CM,2,368,4.5,0.004,38,2.0,Denmark,0,1,14,0,1,0.07317073170731707,0.12804878048780488,88.0,8.0,3.7125,13.5,1.0
Erik Lamela,Tottenham,25,RW,1,672,6.5,0.001,28,3.0,Argentina,0,3,17,1,0,0.0,0.0,1.0,25.0,17.0,20.5,1.0
Christian Atsu,Newcastle+United,25,RW,1,641,5.0,0.021,0,4.0,Ghana,0,3,13,0,0,0.15057915057915058,0.1776061776061776,149.0,5.0,2.948,6.75,1.0
Ruben Loftus-Cheek,Crystal+Palace,21,CM,2,685,4.5,0.16399999999999998,6,1.0,England,0,1,6,0,0,0.08,0.1,0.0,5.0,4.5,4.5,0.0
Mohamed Diame,Newcastle+United,30,CM,2,339,5.0,0.005,0,4.0,Senegal,0,4,13,0,0,0.07368421052631578,0.10526315789473684,54.0,6.0,2.93,4.86,1.0
Robbie Brady,Burnley,25,LM,2,614,5.5,0.004,39,2.0,Ireland,0,3,4,0,0,0.04195804195804196,0.1258741258741259,82.0,10.0,6.25,13.59,1.0
Ahmed Musa,Leicester+City,24,CF,1,742,6.5,0.015,39,4.0,Nigeria,0,2,9,0,1,0.08,0.1,0.0,17.0,12.29625,17.55,1.0
Jamie Vardy,Leicester+City,30,CF,1,2988,8.5,0.015,161,1.0,England,0,4,9,0,0,0.08,0.1,0.0,15.0,0.43,1.12,1.0
Wayne Hennessey,Crystal+Palace,30,GK,4,242,4.5,0.021,92,2.0,Wales,0,4,6,0,0,0.0,0.0,19.0,4.0,1.2633333333333334,3.29,1.0
Johann Gudmundsson,Burnley,26,RW,1,180,5.0,0.001,47,2.0,Iceland,0,3,4,0,1,0.04678362573099415,0.10526315789473684,82.0,2.5,0.8250000000000001,2.7,1.0
Tom Ince,Huddersfield,25,RW,1,512,6.0,0.026000000000000002,0,1.0,England,0,3,8,0,0,0.08,0.1,0.0,7.0,4.606083833333333,10.08,1.0
Asmir Begovic,Bournemouth,30,GK,4,697,4.5,0.09300000000000001,2,2.0,Bosnia,0,4,2,0,0,0.0,0.0,71.0,8.0,4.909999999999999,10.35,1.0
Matt Targett,Southampton,21,LB,3,110,4.5,0.002,12,1.0,England,0,1,14,0,0,0.0,0.0,19.0,3.0,2.4,2.4,0.0
Nemanja Matic,Chelsea,28,DM,2,892,5.0,0.05,105,2.0,Serbia,0,4,5,1,0,0.11956521739130435,0.15217391304347827,48.0,35.0,10.045142857142858,40.23,1.0
Dominic Solanke,Liverpool,19,CF,1,671,5.0,0.02,0,1.0,England,0,1,10,1,0,0.13636363636363635,0.0,10.0,2.0,7.6,15.0,1.0
Manolo Gabbiadini,Southampton,25,CF,1,2012,7.0,0.052000000000000005,38,2.0,Italy,0,3,14,0,0,0.08,0.1,0.0,15.0,7.897500000000001,15.3,0.0
Adam Lallana,Liverpool,29,AM,1,1808,7.5,0.064,139,1.0,England,0,4,10,1,0,0.07317073170731707,0.12804878048780488,88.0,25.0,15.0,15.0,0.0
Kasey Palmer,Huddersfield,20,AM,1,220,5.5,0.002,0,1.0,England,0,1,8,0,0,0.0,0.009523809523809525,64.0,0.75,0.8,1.35,0.0
Claudio Bravo,Manchester+City,34,GK,4,436,5.0,0.012,73,3.0,Chile,0,6,11,1,1,0.0,0.0,19.0,8.0,8.96,15.0,1.0
Sam McQueen,Southampton,22,LM,2,221,4.5,0.001,23,1.0,England,0,2,14,0,0,0.03932584269662921,0.07303370786516854,112.0,0.75,0.575,0.9,1.0
Marouane Fellaini,Manchester+United,29,CM,2,1498,5.0,0.002,48,2.0,Belgium,0,4,12,1,0,0.08,0.1,0.0,12.0,18.266666666666666,27.0,0.0
Adam Federici,Bournemouth,32,GK,4,126,4.0,0.015,8,4.0,Australia,0,5,2,0,0,0.08,0.1,0.0,1.0,0.22499999999999998,0.25,0.0
Roberto Pereyra,Watford,26,AM,1,398,6.0,0.001,43,3.0,Argentina,0,3,18,0,1,0.0,0.0,1.0,15.0,3.8075,7.23,1.0
Axel Tuanzebe,Manchester+United,19,CB,3,279,4.0,0.017,14,1.0,England,0,1,12,1,0,0.0,0.0,1.0,1.0,1.4833333333333332,3.3,1.0
Georges-Kevin Nkoudou,Tottenham,22,LW,1,510,5.5,0.001,8,2.0,France,0,2,17,1,1,0.07368421052631578,0.10526315789473684,54.0,7.0,6.06,9.9,0.0
Olivier Giroud,Arsenal,30,CF,1,2230,8.5,0.025,116,2.0,France,0,4,1,1,0,0.08,0.1,0.0,22.0,9.3,15.3,1.0
Danny Ings,Liverpool,24,CF,1,748,5.5,0.001,0,1.0,England,0,2,10,1,0,0.13043478260869565,0.08695652173913043,9.0,8.0,4.255,7.47,1.0
Daniel Amartey,Leicester+City,22,DM,2,356,4.5,0.003,53,4.0,Ghana,0,2,9,0,0,0.15057915057915058,0.1776061776061776,149.0,5.0,3.7800000000000002,5.94,1.0
David De Gea,Manchester+United,26,GK,4,2126,5.5,0.261,136,2.0,Spain,0,3,12,1,0,0.0,0.0,19.0,40.0,22.5,22.5,0.0
Kasper Schmeichel,Leicester+City,30,GK,4,1601,5.0,0.024,109,2.0,Denmark,0,4,9,0,0,0.0,0.0,71.0,10.0,0.808,1.58,0.0
Alex Oxlade-Chamberlain,Arsenal,23,RM,2,1519,6.0,0.018000000000000002,83,1.0,England,0,2,1,1,0,0.08,0.1,0.0,22.0,23.310000000000002,34.2,1.0
Andrew Surman,Bournemouth,30,CM,2,154,4.5,0.011000000000000001,44,1.0,England,0,4,2,0,0,0.15057915057915058,0.1776061776061776,149.0,2.0,0.9305999999999999,1.51,0.0
Wilfried Zaha,Crystal+Palace,24,RW,1,1709,7.0,0.209,149,4.0,Cote d'Ivoire,0,2,6,0,0,0.08,0.1,0.0,18.0,7.343333333333333,10.58,0.0
Ragnar Klavan,Liverpool,31,CB,3,875,4.5,0.004,43,2.0,Estonia,0,4,10,1,1,0.011764705882352941,0.052941176470588235,88.0,3.5,1.3050000000000002,4.5,0.0
Morgan Schneiderlin,Everton,27,DM,2,1272,5.0,0.009000000000000001,37,2.0,France,0,3,7,0,1,0.15057915057915058,0.1776061776061776,149.0,22.0,17.82,31.5,0.0
Lys Mousset,Bournemouth,21,CF,1,131,5.0,0.001,14,2.0,France,0,1,2,0,0,0.3598130841121495,0.1308411214953271,119.0,4.0,5.85,5.85,0.0
Nemanja Matic,Chelsea,28,DM,2,892,5.0,0.05,105,2.0,Serbia,0,4,5,1,0,0.0,0.0,1.0,35.0,10.045142857142858,40.23,1.0
Tiemoue Bakayoko,Chelsea,22,DM,2,1011,5.0,0.016,0,2.0,France,1,2,5,1,0,0.07368421052631578,0.10526315789473684,54.0,16.0,21.6,36.0,1.0
Robert Huth,Leicester+City,32,CB,3,748,5.0,0.006,88,2.0,Germany,0,5,9,0,0,0.044444444444444446,0.2,27.0,5.0,5.62250025,8.000001,0.0
Philip Billing,Huddersfield,21,CM,2,157,4.5,0.001,0,2.0,Denmark,0,1,8,0,0,0.19375,0.325,93.0,0.5,0.2,0.2,0.0
Jonjo Shelvey,Newcastle+United,25,CM,2,747,5.5,0.025,0,1.0,England,0,3,13,0,0,0.11956521739130435,0.15217391304347827,48.0,11.0,5.51225,13.679,1.0
Wes Morgan,Leicester+City,33,CB,3,649,4.5,0.033,63,3.0,Jamaica,0,5,9,0,0,0.08,0.1,0.0,3.0,1.01,1.01,0.0
N'Golo Kante,Chelsea,26,DM,2,4042,5.0,0.138,83,2.0,France,0,3,5,1,1,0.19375,0.325,93.0,50.0,13.506666666666666,32.22,1.0
Gary Cahill,Chelsea,31,CB,3,1420,6.5,0.12,178,1.0,England,0,4,5,1,0,0.08,0.1,0.0,16.0,4.403333333333333,7.56,1.0
Diafra Sakho,West+Ham,27,CF,1,214,5.5,0.001,12,4.0,Senegal,0,3,20,0,0,0.08,0.1,0.0,10.0,4.333333333333333,7.0,1.0
Mousa Dembele,Tottenham,30,CM,2,1161,5.0,0.018000000000000002,76,2.0,Belgium,0,4,17,1,0,0.11956521739130435,0.15217391304347827,48.0,18.0,6.786666666666666,19.8,1.0
Sean Scannell,Huddersfield,26,RW,1,85,4.5,0.001,0,2.0,Ireland,0,3,8,0,0,0.04678362573099415,0.10526315789473684,82.0,0.5,0.6042500000000001,1.01,1.0
Georges-Kevin Nkoudou,Tottenham,22,LW,1,510,5.5,0.001,8,2.0,France,0,2,17,1,1,0.04678362573099415,0.10526315789473684,82.0,7.0,6.06,9.9,0.0
Andre Gray,Burnley,26,CF,1,687,6.5,0.017,108,1.0,England,0,3,4,0,0,0.08,0.1,0.0,10.0,5.094,18.36,1.0
Demarai Gray,Leicester+City,21,LW,1,593,5.5,0.011000000000000001,58,1.0,England,0,1,9,0,0,0.19375,0.325,93.0,9.0,4.59,4.59,0.0
Aaron Ramsey,Arsenal,26,CM,2,1040,7.0,0.051,56,1.0,Wales,0,3,1,1,0,0.15057915057915058,0.1776061776061776,149.0,35.0,2.5604999999999993,5.76,0.0
Simon Francis,Bournemouth,32,RB,3,167,4.5,0.04,89,1.0,England,0,5,2,0,0,0.03571428571428571,0.05357142857142857,23.0,2.5,0.14336666666666667,0.25,0.0
Stephen Ward,Burnley,31,LB,3,152,4.5,0.025,91,2.0,Ireland,0,4,4,0,0,0.044444444444444446,0.2,27.0,1.5,0.567,0.567,0.0
Aaron Lennon,Everton,30,RW,1,504,5.5,0.002,22,1.0,England,0,4,7,0,0,0.08,0.1,0.0,5.0,2.1915,5.4,0.0
Andy King,Leicester+City,28,CM,2,327,4.5,0.006999999999999999,41,2.0,Wales,0,4,9,0,0,0.08,0.1,0.0,3.0,1.475,2.7,1.0
Dwight Gayle,Newcastle+United,26,CF,1,1351,6.5,0.114,0,1.0,England,0,3,13,0,0,0.19117647058823528,0.20588235294117646,35.0,10.0,3.8686,8.56,1.0
Marcos Alonso,Chelsea,26,LB,3,3069,7.0,0.124,177,2.0,Spain,0,3,5,1,1,0.08,0.1,0.0,25.0,5.8275,20.7,1.0
Jose Fonte,West+Ham,33,CB,3,867,5.0,0.021,98,2.0,Portugal,0,5,20,0,1,0.021739130434782608,0.021739130434782608,27.0,7.0,4.0,5.0,1.0
Vincent Kompany,Manchester+City,31,CB,3,935,6.0,0.066,57,2.0,Belgium,0,4,11,1,0,0.08,0.1,0.0,22.0,8.55,9.45,0.0
Ederson,Manchester+City,23,GK,4,297,5.5,0.045,0,3.0,Brazil,1,2,11,1,0,0.0,0.0,71.0,22.0,6.4625,25.0,1.0
Shinji Okazaki,Leicester+City,31,CF,1,607,5.5,0.012,63,4.0,Japan,0,4,9,0,0,0.08,0.1,0.0,7.0,3.816666666666667,9.9,1.0
Liam Rosenior,Brighton+and+Hove,33,RB,3,132,4.0,0.032,0,1.0,England,0,5,3,0,0,0.021739130434782608,0.021739130434782608,27.0,1.0,0.64588,1.71,0.0
Maya Yoshida,Southampton,28,CB,3,317,5.0,0.011000000000000001,78,4.0,Japan,0,4,14,0,0,0.044444444444444446,0.2,27.0,5.0,1.8599999999999999,2.46,1.0
Paul Pogba,Manchester+United,24,CM,2,7435,8.0,0.195,115,2.0,France,0,2,12,1,1,0.15057915057915058,0.1776061776061776,149.0,75.0,37.6,75.0,1.0
James McArthur,Crystal+Palace,29,CM,2,216,4.5,0.109,93,2.0,Scotland,0,4,6,0,0,0.11956521739130435,0.15217391304347827,48.0,7.0,4.23,7.92,1.0
Jack Colback,Newcastle+United,27,DM,2,181,4.5,0.011000000000000001,0,1.0,England,0,3,13,0,0,0.04678362573099415,0.10526315789473684,82.0,5.0,1.2,3.15,1.0
Danny Welbeck,Arsenal,26,CF,1,1521,7.5,0.005,37,1.0,England,0,3,1,1,0,0.20388349514563106,0.0970873786407767,114.0,15.0,9.125,18.0,1.0
Timothy Fosu-Mensah,Manchester+United,19,DM,2,860,4.5,0.002,9,2.0,Netherlands,0,1,12,1,0,0.0423728813559322,0.01694915254237288,40.0,2.5,1.70785,6.0,1.0
Josh Sims,Southampton,20,RW,1,126,4.5,0.001,12,1.0,England,0,1,14,0,0,0.0,0.009523809523809525,64.0,0.5,0.9,0.9,0.0
Gaetan Bong,Brighton+and+Hove,29,LB,3,97,4.5,0.002,0,4.0,Cameroon,0,4,3,0,0,0.08,0.1,0.0,1.5,0.5766666666666667,0.9,0.0
Benik Afobe,Bournemouth,24,CF,1,528,6.0,0.006999999999999999,88,4.0,Congo DR,0,2,2,0,0,0.08,0.1,0.0,10.0,3.4539999999999997,11.87,0.0
Wayne Rooney,Everton,31,SS,1,7664,7.5,0.209,76,1.0,England,0,4,7,0,0,0.22611464968152867,0.15286624203821655,162.0,15.0,18.5,33.0,0.0
Sam Baldock,Brighton+and+Hove,28,CF,1,204,5.0,0.002,0,1.0,England,0,4,3,0,0,0.08,0.1,0.0,3.0,2.4975,3.51,1.0
Stefano Okaka,Watford,27,CF,1,708,5.5,0.002,43,2.0,Italy,0,3,18,0,1,0.08,0.1,0.0,6.0,1.9033333333333333,3.56,1.0
Solly March,Brighton+and+Hove,23,RM,2,139,5.0,0.002,0,1.0,England,0,2,3,0,0,0.08,0.1,0.0,0.5,0.005,0.005,0.0
Fernando,Manchester+City,32,DM,2,338,4.5,0.004,18,3.0,Brazil,0,5,11,1,0,0.04678362573099415,0.10526315789473684,82.0,18.0,20.75,34.5,1.0
Josh Sims,Southampton,20,RW,1,126,4.5,0.001,12,1.0,England,0,1,14,0,0,0.11956521739130435,0.15217391304347827,48.0,0.5,0.9,0.9,0.0
Cheikhou Kouyate,West+Ham,27,DM,2,284,5.0,0.001,79,4.0,Senegal,0,3,20,0,0,0.0,0.0,1.0,12.0,6.226666666666667,9.79,1.0
Joel Matip,Liverpool,25,CB,3,1313,5.5,0.023,97,2.0,Cameroon,0,3,10,1,1,0.021739130434782608,0.021739130434782608,27.0,25.0,5.6,11.0,1.0
Theo Walcott,Arsenal,28,RW,1,2393,7.5,0.015,122,1.0,England,0,4,1,1,0,0.22611464968152867,0.15286624203821655,162.0,20.0,14.85,20.25,1.0
Lucas Leiva,Liverpool,30,DM,2,998,4.5,0.003,47,3.0,Brazil,0,4,10,1,0,0.11956521739130435,0.15217391304347827,48.0,7.0,7.0649999999999995,9.0,0.0
Heurelho Gomes,Watford,36,GK,4,439,4.5,0.022000000000000002,113,3.0,Brazil,0,6,18,0,0,0.0,0.0,19.0,1.0,3.4625,7.5,0.0
Ashley Fletcher,West+Ham,21,CF,1,412,4.5,0.059000000000000004,16,1.0,England,0,1,20,0,1,0.4262295081967213,0.18032786885245902,34.0,1.0,0.5533333333333333,0.9,1.0
Jose Holebas,Watford,33,LB,3,345,5.0,0.006,87,2.0,Greece,0,5,18,0,0,0.03932584269662921,0.07303370786516854,112.0,2.0,0.8775000000000001,1.6,1.0
Nathaniel Chalobah,Watford,22,DM,2,977,4.5,0.023,12,1.0,England,0,2,18,0,0,0.1937984496124031,0.2713178294573643,78.0,5.0,1.8166666666666667,4.5,1.0
Michael Hefele,Huddersfield,26,CB,3,116,4.5,0.002,0,2.0,Germany,0,3,8,0,0,0.0,0.0,19.0,1.5,0.16640000000000002,0.297,1.0
Dejan Lovren,Liverpool,28,CB,3,708,5.5,0.013000000000000001,106,2.0,Croatia,0,4,10,1,0,0.044444444444444446,0.2,27.0,17.0,12.99,22.77,1.0
Sergio Aguero,Manchester+City,29,CF,1,4046,11.5,0.09699999999999999,175,3.0,Argentina,0,4,11,1,0,0.13636363636363635,0.0,10.0,65.0,27.765,36.0,1.0
Abdoulaye Doucoure,Watford,24,CM,2,124,5.0,0.0,38,2.0,France,0,2,18,0,0,0.0,0.07142857142857142,26.0,6.0,7.471499999999999,8.79,0.0
Shane Duffy,Brighton+and+Hove,25,CB,3,243,4.5,0.006,0,2.0,Ireland,0,3,3,0,0,0.038461538461538464,0.00641025641025641,89.0,5.0,1.735,4.73,1.0
Nathaniel Clyne,Liverpool,26,RB,3,602,5.5,0.045,129,1.0,England,0,3,10,1,0,0.08,0.1,0.0,21.0,9.936666666666666,15.93,0.0
Marko Grujic,Liverpool,21,CM,2,615,4.5,0.002,4,2.0,Serbia,0,1,10,1,0,0.19375,0.325,93.0,5.0,3.49,6.3,1.0
Cesar Azpilicueta,Chelsea,27,RB,3,869,6.5,0.12300000000000001,170,2.0,Spain,0,3,5,1,0,0.044444444444444446,0.2,27.0,30.0,6.66,7.92,1.0
Ashley Young,Manchester+United,32,LM,2,936,5.0,0.0,26,1.0,England,0,5,12,1,0,0.03260869565217391,0.05434782608695652,42.0,5.0,14.04,16.2,1.0
Yohan Benalouane,Leicester+City,30,CB,3,305,4.5,0.001,27,4.0,Tunisia,0,4,9,0,0,0.038461538461538464,0.00641025641025641,89.0,1.0,2.063285714285714,6.3,0.0
Marko Grujic,Liverpool,21,CM,2,615,4.5,0.002,4,2.0,Serbia,0,1,10,1,0,0.19117647058823528,0.20588235294117646,35.0,5.0,3.49,6.3,1.0
Rob Holding,Arsenal,21,CB,3,666,5.0,0.017,32,1.0,England,0,1,1,1,1,0.0,0.0,19.0,7.0,2.7,2.7,0.0
Connor Wickham,Crystal+Palace,24,CF,1,248,5.5,0.0,18,1.0,England,0,2,6,0,0,0.41721854304635764,0.2052980132450331,86.0,6.0,6.8175,9.0,1.0
Michael Keane,Everton,24,CB,3,1362,5.5,0.131,113,1.0,England,0,2,7,0,0,0.08,0.1,0.0,18.0,5.7218,25.6,1.0
Islam Slimani,Leicester+City,29,CF,1,1581,7.0,0.006999999999999999,83,4.0,Algeria,0,4,9,0,1,0.0,0.0,1.0,25.0,8.090333333333334,27.45,1.0
Shkodran Mustafi,Arsenal,25,CB,3,1877,5.5,0.04,90,2.0,Germany,0,3,1,1,1,0.09090909090909091,0.03896103896103896,44.0,30.0,11.091999999999999,36.9,1.0
Daryl Janmaat,Watford,27,RB,3,242,5.0,0.003,50,2.0,Netherlands,0,3,18,0,1,0.0,0.0,19.0,7.0,2.236666666666667,4.89,1.0
Jack Stephens,Southampton,23,CB,3,249,5.0,0.004,60,1.0,England,0,2,14,0,0,0.021739130434782608,0.021739130434782608,27.0,3.5,0.19702,0.25,0.0
Wilfred Ndidi,Leicester+City,20,DM,2,821,5.0,0.005,59,4.0,Nigeria,0,1,9,0,1,0.11956521739130435,0.15217391304347827,48.0,14.0,8.001,15.84,1.0
Danny Simpson,Leicester+City,30,RB,3,428,4.5,0.055,85,1.0,England,0,4,9,0,0,0.03571428571428571,0.05357142857142857,23.0,5.0,0.6890000000000001,2.0,1.0
Nahki Wells,Huddersfield,27,CF,1,247,5.0,0.006,0,3.0,Bermuda,0,3,8,0,0,0.08,0.1,0.0,5.0,1.7200000000000002,4.86,1.0
Carl Jenkinson,Arsenal,25,RB,3,561,4.5,0.004,2,1.0,England,0,3,1,1,0,0.03260869565217391,0.05434782608695652,42.0,5.0,0.6556666666666667,1.01,0.0
Angelo Ogbonna,West+Ham,29,CB,3,247,4.5,0.011000000000000001,45,2.0,Italy,0,4,20,0,0,0.011764705882352941,0.052941176470588235,88.0,9.0,4.330000000000001,6.7,1.0
Jesus Gamez,Newcastle+United,32,RB,3,186,4.0,0.023,0,2.0,Spain,0,5,13,0,0,0.03932584269662921,0.07303370786516854,112.0,2.5,1.4166666666666667,2.25,1.0
Benik Afobe,Bournemouth,24,CF,1,528,6.0,0.006999999999999999,88,4.0,Congo DR,0,2,2,0,0,0.08,0.1,0.0,10.0,3.4539999999999997,11.87,0.0
Phil Jagielka,Everton,34,CB,3,566,5.0,0.063,104,1.0,England,0,6,7,0,0,0.03571428571428571,0.05357142857142857,23.0,2.0,5.4,5.4,0.0
Jason Puncheon,Crystal+Palace,31,AM,1,427,5.0,0.012,92,1.0,England,0,4,6,0,0,0.0,0.009523809523809525,64.0,5.5,0.4499625,1.98,1.0
Nahki Wells,Huddersfield,27,CF,1,247,5.0,0.006,0,3.0,Bermuda,0,3,8,0,0,0.08,0.1,0.0,5.0,1.7200000000000002,4.86,1.0
Yohan Cabaye,Crystal+Palace,31,CM,2,456,5.5,0.013999999999999999,91,2.0,France,0,4,6,0,0,0.04678362573099415,0.10526315789473684,82.0,15.0,13.17,22.5,0.0
Josh Sims,Southampton,20,RW,1,126,4.5,0.001,12,1.0,England,0,1,14,0,0,0.08,0.1,0.0,0.5,0.9,0.9,0.0
Laurent Koscielny,Arsenal,31,CB,3,912,6.0,0.006999999999999999,121,2.0,France,0,4,1,1,0,0.088,0.008,143.0,22.0,3.25,11.25,1.0
Antonio Rudiger,Chelsea,24,CB,3,454,6.0,0.064,0,2.0,Germany,1,2,5,1,0,0.088,0.008,143.0,25.0,6.485714285714286,31.5,1.0
Dean Whitehead,Huddersfield,35,CM,2,161,4.5,0.001,0,1.0,England,0,6,8,0,0,0.0,0.0,1.0,0.25,0.9550000000000001,3.15,0.0
Edimilson Fernandes,West+Ham,21,CM,2,288,4.5,0.004,38,2.0,Switzerland,0,1,20,0,1,0.1937984496124031,0.2713178294573643,78.0,5.0,2.20725,4.6,1.0
Fraser Forster,Southampton,29,GK,4,548,5.0,0.073,134,1.0,England,0,4,14,0,0,0.0,0.0,71.0,15.0,2.582,7.8,1.0
Thibaut Courtois,Chelsea,25,GK,4,1260,5.5,0.185,141,2.0,Belgium,0,3,5,1,0,0.0,0.0,19.0,40.0,6.851000000000001,8.06,0.0
Adam Smith,Bournemouth,26,RB,3,200,5.0,0.009000000000000001,104,1.0,England,0,3,2,0,0,0.088,0.008,143.0,5.0,0.25,0.25,0.0
Georginio Wijnaldum,Liverpool,26,CM,2,1280,7.0,0.071,149,2.0,Netherlands,0,3,10,1,1,0.0,0.0,1.0,28.0,15.75,24.75,1.0
Vincent Janssen,Tottenham,23,CF,1,1135,7.5,0.001,55,2.0,Netherlands,0,2,17,1,1,0.3598130841121495,0.1308411214953271,119.0,13.0,8.61575,19.89,0.0
Julian Speroni,Crystal+Palace,38,GK,4,188,4.0,0.02,0,3.0,Argentina,0,6,6,0,0,0.0,0.0,71.0,0.25,0.55,0.9,1.0
Ryan Fraser,Bournemouth,23,LW,1,516,5.5,0.016,100,2.0,Scotland,0,2,2,0,0,0.07368421052631578,0.10526315789473684,54.0,5.0,0.36719999999999997,0.432,0.0
Tom Davies,Everton,19,CM,2,1354,5.5,0.01,63,1.0,England,0,1,7,0,0,0.08,0.1,0.0,8.0,3.78,6.3,1.0
Emre Can,Liverpool,23,DM,2,1253,5.0,0.066,104,2.0,Germany,0,2,10,1,0,0.1937984496124031,0.2713178294573643,78.0,15.0,7.65,10.8,1.0
Kieran Trippier,Tottenham,26,RB,3,525,5.5,0.17300000000000001,51,1.0,England,0,3,17,1,0,0.038461538461538464,0.00641025641025641,89.0,10.0,6.783333333333334,15.6,1.0
Mamadou Sakho,Liverpool,27,CB,3,934,5.0,0.001,35,2.0,France,0,3,10,1,0,0.04195804195804196,0.1258741258741259,82.0,15.0,18.150000000000002,25.38,1.0
Eden Hazard,Chelsea,26,LW,1,4220,10.5,0.023,224,2.0,Belgium,0,3,5,1,0,0.08,0.1,0.0,75.0,15.85,31.5,1.0
Steve Sidwell,Brighton+and+Hove,34,CM,2,461,4.5,0.006,0,1.0,England,0,6,3,0,0,0.0,0.0,6.0,1.0,0.8009999999999999,5.67,0.0
Jack Cork,Burnley,28,DM,2,204,4.5,0.005,50,1.0,England,0,4,4,0,0,0.1937984496124031,0.2713178294573643,78.0,5.0,2.2159999999999997,8.19,1.0
Steven Davis,Southampton,32,CM,2,310,5.0,0.002,77,2.0,Northern Ireland,0,5,14,0,0,0.03260869565217391,0.05434782608695652,42.0,6.0,2.4179999999999997,4.14,1.0
Gabriel Jesus,Manchester+City,20,CF,1,4254,10.5,0.152,67,3.0,Brazil,0,1,11,1,1,0.22611464968152867,0.15286624203821655,162.0,30.0,18.0,18.0,0.0
Andros Townsend,Crystal+Palace,26,RW,1,693,6.0,0.027000000000000003,116,1.0,England,0,3,6,0,1,0.19375,0.325,93.0,12.0,4.861666666666667,14.13,1.0
Adrian Mariappa,Watford,30,CB,3,201,4.0,0.054000000000000006,15,3.0,Jamaica,0,4,18,0,1,0.011764705882352941,0.052941176470588235,88.0,1.0,2.256666666666667,3.42,0.0
Adam Federici,Bournemouth,32,GK,4,126,4.0,0.015,8,4.0,Australia,0,5,2,0,0,0.08,0.1,0.0,1.0,0.22499999999999998,0.25,0.0
Islam Slimani,Leicester+City,29,CF,1,1581,7.0,0.006999999999999999,83,4.0,Algeria,0,4,9,0,1,0.0,0.0,2.0,25.0,8.090333333333334,27.45,1.0
